black pawn
00000000
11111111
00000000
00000000
00000000
00000000
00000000
00000000

black rook
10000001
00000000
00000000
00000000
00000000
00000000
00000000
00000000

black knight
01000010
00000000
00000000
00000000
00000000
00000000
00000000
00000000

black bishop
00100100
00000000
00000000
00000000
00000000
00000000
00000000
00000000

black queen
00010000
00000000
00000000
00000000
00000000
00000000
00000000
00000000

black king
00001000
00000000
00000000
00000000
00000000
00000000
00000000
00000000

white pawn
00000000
00000000
00000000
00000000
00000000
00000000
11111111
00000000

white rook
00000000
00000000
00000000
00000000
00000000
00000000
00000000
10000001

white knight
00000000
00000000
00000000
00000000
00000000
00000000
00000000
01000010

white bishop
00000000
00000000
00000000
00000000
00000000
00000000
00000000
00100100

white queen
00000000
00000000
00000000
00000000
00000000
00000000
00000000
00010000

white king
00000000
00000000
00000000
00000000
00000000
00000000
00000000
00001000